Class Lr Lr_ler Lr_uer Lx Lx_ler Lx_uer uplim
BH 3.428224e+26 0.0 0.0 5.303261e+30 0.0 0.0 None
BH 1.011442e+29 0.0 0.0 2.062842e+35 0.0 0.0 None
BH 9.855076e+28 0.0 0.0 2.097762e+35 0.0 0.0 None
BH 7.676585e+28 0.0 0.0 1.761429e+35 0.0 0.0 None
BH 6.863974e+28 0.0 0.0 1.049432e+35 0.0 0.0 None
BH 4.737352e+28 0.0 0.0 7.009694e+34 0.0 0.0 None
BH 4.114926e+28 0.0 0.0 4.528549e+34 0.0 0.0 None
BH 3.215867e+28 0.0 0.0 2.326763e+34 0.0 0.0 None
BH 6.915843e+27 0.0 0.0 6.983964e+33 0.0 0.0 None
BH 8.3e+25 0.0 0.0 4.3e+30 0.0 0.0 None
BH 2.427485e+30 0.0 0.0 6.289781e+36 0.0 0.0 None
BH 2.324106e+30 0.0 0.0 6.232471e+36 0.0 0.0 None
BH 1.818699e+30 0.0 0.0 6.332764e+36 0.0 0.0 None
BH 1.118021e+30 0.0 0.0 2.937142e+36 0.0 0.0 None
BH 4.78605e+29 0.0 0.0 1.031581e+36 0.0 0.0 None
BH 5.360376e+28 0.0 0.0 5.630715e+34 0.0 0.0 None
BH 2.592125e+30 0.0 0.0 3.275271e+37 0.0 0.0 None
BH 3.212397e+30 0.0 0.0 4.388519e+37 0.0 0.0 None
BH 5.05024e+30 0.0 0.0 7.716802e+37 0.0 0.0 None
BH 2.297304e+29 0.0 0.0 2.664919e+35 0.0 0.0 None
BH 4.862627e+29 0.0 0.0 1.073131e+36 0.0 0.0 None
BH 6.777047e+29 0.0 0.0 3.381295e+36 0.0 0.0 None
BH 1.818699e+30 0.0 0.0 1.299506e+37 0.0 0.0 None
BH 1.883789e+30 0.0 0.0 1.368278e+37 0.0 0.0 None
BH 1.971853e+30 0.0 0.0 1.42129e+37 0.0 0.0 None
BH 1.97951e+30 0.0 0.0 1.441349e+37 0.0 0.0 None
BH 1.665545e+30 0.0 0.0 5.37282e+36 0.0 0.0 None
BH 1.680861e+30 0.0 0.0 3.968723e+36 0.0 0.0 None
BH 1.175454e+30 0.0 0.0 2.650591e+36 0.0 0.0 None
BH 1.102706e+30 0.0 0.0 2.364041e+36 0.0 0.0 None
BH 9.686966e+29 0.0 0.0 2.249421e+36 0.0 0.0 None
BH 6.623894e+29 0.0 0.0 1.67632e+36 0.0 0.0 None
BH 7.159931e+29 0.0 0.0 1.79094e+36 0.0 0.0 None
BH 5.436953e+29 0.0 0.0 1.375442e+36 0.0 0.0 None
BH 4.135147e+29 0.0 0.0 1.045909e+36 0.0 0.0 None
BH 1.416671e+29 0.0 0.0 3.152054e+35 0.0 0.0 None
BH 7.466238e+30 0.0 0.0 7.857212e+37 0.0 0.0 None
BH 8.38516e+30 0.0 0.0 8.138031e+37 0.0 0.0 None
BH 1.661717e+30 0.0 0.0 3.008779e+36 0.0 0.0 None
BH 1.006985e+30 0.0 0.0 2.192111e+36 0.0 0.0 None
BH 6.777047e+29 0.0 0.0 1.833923e+36 0.0 0.0 None
BH 6.47074e+29 0.0 0.0 1.805268e+36 0.0 0.0 None
BH 6.509028e+29 0.0 0.0 1.90556e+36 0.0 0.0 None
BH 6.509028e+29 0.0 0.0 2.593281e+36 0.0 0.0 None
BH 9.036063e+29 0.0 0.0 3.58188e+36 0.0 0.0 None
BH 1.263517e+30 0.0 0.0 5.2582e+36 0.0 0.0 None
BH 2.105862e+29 0.0 0.0 3.58188e+35 0.0 0.0 None
BH 2.259016e+29 0.0 0.0 3.58188e+35 0.0 0.0 None
BH 2.680188e+29 0.0 0.0 3.940068e+35 0.0 0.0 None
BH 2.948207e+29 0.0 0.0 1.022985e+36 0.0 0.0 None
BH 4.135147e+29 0.0 0.0 1.253658e+36 0.0 0.0 None
BH 4.632897e+29 0.0 0.0 1.67632e+36 0.0 0.0 None
BH 4.211724e+29 0.0 0.0 1.229301e+36 0.0 0.0 None
BH 2.6419e+29 0.0 0.0 6.504694e+35 0.0 0.0 None
BH 3.292803e+29 0.0 0.0 2.378368e+35 0.0 0.0 None
BH 8.500025e+29 0.0 0.0 2.879832e+36 0.0 0.0 None
BH 1.945051e+30 0.0 0.0 8.625167e+36 0.0 0.0 None
BH 2.362394e+30 0.0 0.0 1.186319e+37 0.0 0.0 None
BH 2.764423e+30 0.0 0.0 2.014449e+37 0.0 0.0 None
BH 3.453614e+30 0.0 0.0 2.351146e+37 0.0 0.0 None
BH 3.154964e+30 0.0 0.0 2.362608e+37 0.0 0.0 None
BH 3.897759e+30 0.0 0.0 2.866937e+37 0.0 0.0 None
BH 4.154292e+30 0.0 0.0 3.13916e+37 0.0 0.0 None
BH 5.268484e+30 0.0 0.0 4.03463e+37 0.0 0.0 None
BH 5.957675e+30 0.0 0.0 4.740976e+37 0.0 0.0 None
BH 7.458581e+30 0.0 0.0 5.447323e+37 0.0 0.0 None
BH 8.68381e+30 0.0 0.0 5.812675e+37 0.0 0.0 None
BH 8.404304e+30 0.0 0.0 6.173728e+37 0.0 0.0 None
BH 7.213535e+30 0.0 0.0 6.355688e+37 0.0 0.0 None
BH 8.270295e+30 0.0 0.0 6.334197e+37 0.0 0.0 None
BH 8.090339e+30 0.0 0.0 6.483203e+37 0.0 0.0 None
BH 8.15543e+30 0.0 0.0 7.011888e+37 0.0 0.0 None
BH 1.703834e+30 0.0 0.0 4.627789e+36 0.0 0.0 None
BH 1.558338e+30 0.0 0.0 3.710828e+36 0.0 0.0 None
BH 1.474103e+30 0.0 0.0 2.908487e+36 0.0 0.0 None
BH 1.267346e+30 0.0 0.0 2.02018e+36 0.0 0.0 None
BH 9.725254e+29 0.0 0.0 1.384038e+36 0.0 0.0 None
BH 6.70047e+29 0.0 0.0 1.088892e+36 0.0 0.0 None
BH 5.054069e+29 0.0 0.0 8.739787e+35 0.0 0.0 None
BH 4.250013e+29 0.0 0.0 7.16376e+35 0.0 0.0 None
BH 4.326589e+29 0.0 0.0 6.590659e+35 0.0 0.0 None
BH 2.412169e+29 0.0 0.0 3.438605e+35 0.0 0.0 None
BH 2.373881e+29 0.0 0.0 2.292403e+35 0.0 0.0 None
BH 1.148652e+29 0.0 0.0 4.441531e+34 0.0 0.0 None
BH 1.148652e+29 0.0 0.0 7.736861e+34 0.0 0.0 None
BH 1.74978e+30 0.0 0.0 2.464333e+37 0.0 0.0 None
BH 2.469602e+30 0.0 0.0 3.624863e+37 0.0 0.0 None
BH 6.5052e+30 0.0 0.0 6.791245e+37 0.0 0.0 None
BH 8.350701e+30 0.0 0.0 8.969028e+37 0.0 0.0 None
BH 7.439437e+30 0.0 0.0 7.808498e+37 0.0 0.0 None
BH 8.423448e+28 0.0 0.0 1.742226e+36 0.0 0.0 None
BH 1.18694e+29 0.0 0.0 3.940068e+35 0.0 0.0 None
BH 2.259016e+29 0.0 0.0 4.728082e+36 0.0 0.0 None
BH 1.68469e+29 0.0 0.0 9.814351e+36 0.0 0.0 None
BH 1.990997e+29 0.0 0.0 7.092122e+36 0.0 0.0 None
BH 1.837843e+29 0.0 0.0 5.229545e+36 0.0 0.0 None
BH 1.722978e+29 0.0 0.0 4.359005e+36 0.0 0.0 None
BH 2.144151e+29 0.0 0.0 3.667845e+36 0.0 0.0 None
BH 8.806333e+28 0.0 0.0 2.492988e+35 0.0 0.0 None
BH 8.040564e+28 0.0 0.0 1.690647e+35 0.0 0.0 None
BH 8.806333e+28 0.0 0.0 8.023411e+34 0.0 0.0 None
BH 1.18694e+29 0.0 0.0 4.298256e+34 0.0 0.0 None
BH 6.509028e+28 0.0 0.0 2.005853e+34 0.0 0.0 None
BH 4.977492e+28 0.0 0.0 2.005853e+34 0.0 0.0 None
BH 2.680188e+28 0.0 0.0 3.152054e+33 0.0 0.0 None
BH 6.662182e+29 0.0 0.0 1.50439e+37 0.0 0.0 None
BH 9.725254e+29 0.0 0.0 1.647665e+37 0.0 0.0 None
BH 9.304082e+29 0.0 0.0 1.704975e+37 0.0 0.0 None
BH 9.11264e+29 0.0 0.0 1.73363e+37 0.0 0.0 None
BH 3.59911e+29 0.0 0.0 9.642421e+36 0.0 0.0 None
BH 3.59911e+29 0.0 0.0 8.61084e+36 0.0 0.0 None
BH 8.576602e+29 0.0 0.0 1.96287e+37 0.0 0.0 None
BH 1.045273e+30 0.0 0.0 2.378368e+37 0.0 0.0 None
BH 2.266673e+29 0.0 0.0 7.564931e+36 0.0 0.0 None
BH 2.090547e+29 0.0 0.0 7.264053e+36 0.0 0.0 None
BH 1.569824e+29 0.0 0.0 6.891537e+36 0.0 0.0 None
BH 1.282661e+29 0.0 0.0 5.014632e+36 0.0 0.0 None
BH 2.247529e+29 0.0 0.0 4.040361e+36 0.0 0.0 None
BH 2.415998e+29 0.0 0.0 2.034508e+36 0.0 0.0 None
BH 7.313085e+28 0.0 0.0 1.088892e+35 0.0 0.0 None
BH 1.072075e+29 0.0 0.0 1.518717e+36 0.0 0.0 None
BH 6.185314e+27 0.0 0.0 2.622533e+32 0.0 0.0 None
BH 3.714076e+28 0.0 0.0 1.049391e+34 0.0 0.0 None
BH 1.543809e+29 0.0 0.0 8.96004e+34 0.0 0.0 None
BH 2.025139e+29 0.0 0.0 1.362645e+35 0.0 0.0 None
BH 2.481974e+29 0.0 0.0 1.680425e+35 0.0 0.0 None
BH 3.348383e+29 0.0 0.0 5.72311e+35 0.0 0.0 None
BH 3.3487e+29 0.0 0.0 6.203632e+35 0.0 0.0 None
BH 3.583952e+29 0.0 0.0 7.172512e+35 0.0 0.0 None
BH 3.349653e+29 0.0 0.0 7.901109e+35 0.0 0.0 None
BH 4.049277e+29 0.0 0.0 8.29271e+35 0.0 0.0 None
BH 4.765561e+29 0.0 0.0 1.108529e+36 0.0 0.0 None
BH 6.60003e+29 0.0 0.0 1.8274e+36 0.0 0.0 None
BH 5.243287e+29 0.0 0.0 2.045754e+36 0.0 0.0 None
BH 6.088572e+29 0.0 0.0 3.061423e+36 0.0 0.0 None
BH 1.019141e+30 0.0 0.0 4.435962e+36 0.0 0.0 None
BH 1.019296e+30 0.0 0.0 5.046732e+36 0.0 0.0 None
BH 1.033294e+30 0.0 0.0 5.470465e+36 0.0 0.0 None
BH 1.572837e+30 0.0 0.0 6.746222e+36 0.0 0.0 None
BH 2.177505e+30 0.0 0.0 8.186424e+36 0.0 0.0 None
BH 1.068246e+30 0.0 0.0 3.575585e+37 0.0 0.0 None
BH 8.576602e+29 0.0 0.0 3.405769e+37 0.0 0.0 None
BH 9.11264e+29 0.0 0.0 3.3869e+37 0.0 0.0 None
BH 5.74326e+29 0.0 0.0 2.688765e+37 0.0 0.0 None
BH 3.216226e+29 0.0 0.0 2.000064e+37 0.0 0.0 None
BH 2.833342e+29 0.0 0.0 1.575522e+37 0.0 0.0 None
BH 2.795053e+29 0.0 0.0 7.670055e+36 0.0 0.0 None
BH 1.263517e+29 0.0 0.0 5.273753e+36 0.0 0.0 None
BH 1.837843e+29 0.0 0.0 4.377498e+36 0.0 0.0 None
BH 1.493248e+29 0.0 0.0 6.33039e+36 0.0 0.0 None
BH 1.608113e+29 0.0 0.0 6.679458e+36 0.0 0.0 None
BH 1.883789e+30 0.0 0.0 1.837843e+37 0.0 0.0 None
BH 3.82884e+30 0.0 0.0 3.675687e+37 0.0 0.0 None
BH 3.101361e+28 0.0 0.0 6.355875e+34 0.0 0.0 None
BH 3.752263e+28 0.0 0.0 1.072075e+35 0.0 0.0 None
BH 3.905417e+28 0.0 0.0 4.441455e+34 0.0 0.0 None
BH 5.092357e+29 0.0 0.0 7.160401e+36 0.0 0.0 None
BH 1.646401e+29 0.0 0.0 1.228654e+36 0.0 0.0 None
BH 6.891912e+28 0.0 0.0 1.155943e+36 0.0 0.0 None
BH 9.572101e+28 0.0 0.0 1.769031e+36 0.0 0.0 None
BH 2.87163e+28 0.0 0.0 4.224589e+33 0.0 0.0 None
BH 1.41e+26 4.4e+25 4.4e+25 2.5e+30 1.7e+30 2.6e+30 None
LrLx_BH 5.51e+27 0.0 0.0 5.59e+32 0.0 0.0 None
LrLx_BH 3.45e+27 0.0 0.0 4.651e+30 0.0 0.0 Lx
LrLx_BH 3.39e+27 8.84e+26 8.84e+26 3.61e+33 3e+31 3e+31 None
LrLx_BH 1.2e+28 0.0 0.0 3.7e+29 0.0 0.0 Lx
tMSP 4.1e+27 0.0 0.0 7.38e+33 0.0 0.0 None
tMSP 1.12e+29 0.0 0.0 1.35e+36 0.0 0.0 None
tMSP 9.72e+26 2.5e+26 1.1e+27 1.9e+33 4.58e+32 2.4e+32 None
NS 7.592786e+27 0.0 0.0 1.553859e+36 0.0 0.0 None
NS 1.061906e+28 0.0 0.0 1.286335e+36 0.0 0.0 None
NS 1.910004e+28 0.0 0.0 1.329364e+36 0.0 0.0 None
NS 1.194196e+28 0.0 0.0 2.067331e+36 0.0 0.0 None
NS 1.168778e+29 0.0 0.0 3.150148e+37 0.0 0.0 None
NS 1.478126e+29 0.0 0.0 3.005804e+37 0.0 0.0 None
NS 1.336614e+29 0.0 0.0 5.56662e+37 0.0 0.0 None
NS 9.398036e+28 0.0 0.0 8.614098e+36 0.0 0.0 None
NS 7.946844e+28 0.0 0.0 8.083335e+36 0.0 0.0 None
NS 8.217944e+28 0.0 0.0 6.479112e+36 0.0 0.0 None
NS 6.60797e+28 0.0 0.0 3.665851e+36 0.0 0.0 None
NS 4.344723e+28 0.0 0.0 5.437442e+36 0.0 0.0 None
NS 3.212519e+28 0.0 0.0 5.433837e+36 0.0 0.0 None
NS 4.201396e+28 0.0 0.0 3.720554e+36 0.0 0.0 None
NS 4.131515e+28 0.0 0.0 3.278485e+36 0.0 0.0 None
NS 3.49355e+28 0.0 0.0 2.585481e+36 0.0 0.0 None
NS 3.159087e+28 0.0 0.0 2.426532e+36 0.0 0.0 None
NS 3.159087e+28 0.0 0.0 3.17459e+36 0.0 0.0 None
NS 2.456393e+28 0.0 0.0 3.71617e+36 0.0 0.0 None
NS 1.174333e+28 0.0 0.0 2.45984e+36 0.0 0.0 None
NS 1.460449e+28 0.0 0.0 2.134674e+36 0.0 0.0 None
NS 1.194196e+28 0.0 0.0 2.133731e+36 0.0 0.0 None
NS 1.910004e+28 0.0 0.0 1.685061e+36 0.0 0.0 None
NS 2.221225e+28 0.0 0.0 1.394384e+36 0.0 0.0 None
NS 2.00857e+28 0.0 0.0 2.20478e+36 0.0 0.0 None
NS 2.112223e+28 0.0 0.0 2.424388e+36 0.0 0.0 None
NS 9.51510867473e+27 2.56114795189e+27 2.92021582244e+27 3.360153676e+36 7.65258187044e+35 8.06329412763e+35 None
NS 1.65481336415e+28 3.21501585794e+27 3.60569311023e+27 5.27066788204e+36 1.60226284392e+36 1.63375892922e+36 None
NS 1.016259375e+29 1.70969071188e+28 1.90093465898e+28 1.6065474672e+37 2.84401213639e+36 3.24690758884e+36 None
NS 1.4078153455e+29 2.41243189478e+28 2.59453853746e+28 1.74024903471e+37 3.04506511589e+36 3.09823361485e+36 None
NS 7.88440493787e+27 0.0 0.0 8.339822043e+34 0.0 0.0 Lr
AMXP 1.615072e+28 0.0 0.0 5.059332e+35 0.0 0.0 None
AMXP 5.875954e+28 0.0 0.0 5.562366e+35 0.0 0.0 None
AMXP 2.415537e+28 0.0 0.0 8.126904e+35 0.0 0.0 None
AMXP 3.212519e+28 0.0 0.0 1.13242e+36 0.0 0.0 None
AMXP 1.039304e+29 0.0 0.0 1.603064e+36 0.0 0.0 None
AMXP 2.856644e+28 0.0 0.0 1.790516e+36 0.0 0.0 None
AMXP 2.583156e+28 0.0 0.0 2.305448e+36 0.0 0.0 None
AMXP 2.221225e+28 0.0 0.0 2.83106e+36 0.0 0.0 None
AMXP 3.212519e+28 0.0 0.0 3.015736e+36 0.0 0.0 None
AMXP 1.314383e+29 0.0 0.0 3.762255e+36 0.0 0.0 None
AMXP 1.130222e+29 0.0 0.0 4.007675e+36 0.0 0.0 None
CV 1.4e+26 9.7e+25 3.3e+26 1.36e+32 8.6e+31 2.3e+32 None
CV 6.4e+26 0.0 0.0 5e+30 0.0 0.0 None
